# Frequency (Hz), Real Zperp (Ohm/m/m), Imaginary Zperp (Ohm/m/m)
1.000000000000000000e+00,3.155312591115659160e+01,-2.395936892250057645e+04
1.028044732093309266e+00,3.243802123029628603e+01,-2.395936640148792867e+04
1.056875971184804142e+00,3.334773288636333888e+01,-2.395936373709355757e+04
1.086515774652538235e+00,3.428295681959397001e+01,-2.395936092115955762e+04
1.116986818467823106e+00,3.524440848532267978e+01,-2.395935794506418097e+04
1.148312414543511073e+00,3.623282340111894939e+01,-2.395935479971064706e+04
1.180516528568805068e+00,3.724895770909128601e+01,-2.395935147545851578e+04
1.213623798344240834e+00,3.829358875416448171e+01,-2.395934796213449954e+04
1.247659552630869584e+00,3.936751567840280330e+01,-2.395934424898835641e+04
1.282649830528060475e+00,4.047156003202714913e+01,-2.395934032465585551e+04
1.318621401394748593e+00,4.160656640153938213e+01,-2.395933617713013882e+04
1.355601785329368481e+00,4.277340305535130938e+01,-2.395933179369983191e+04
1.393619274224142446e+00,4.397296260778352206e+01,-2.395932716097040611e+04
1.432702953409830782e+00,4.520616270119318614e+01,-2.395932226475237621e+04
1.472882723907502633e+00,4.647394670758868784e+01,-2.395931709005300581e+04
1.514189325304352129e+00,4.777728444973633515e+01,-2.395931162104138275e+04
1.556654359271061550e+00,4.911717294243990040e+01,-2.395930584097995234e+04
1.600310313738700696e+00,5.049463715453587298e+01,-2.395929973216990402e+04
1.645190587753662559e+00,5.191073079234266174e+01,-2.395929327591989932e+04
1.691329517029648066e+00,5.336653710491316360e+01,-2.395928645247513123e+04
1.738762400216250725e+00,5.486316971174585433e+01,-2.395927924093993715e+04
1.787525525904235080e+00,5.640177345387068897e+01,-2.395927161924070606e+04
1.837656200388171124e+00,5.798352526868053758e+01,-2.395926356406938794e+04
1.889192776207666347e+00,5.960963508884889706e+01,-2.395925505075059118e+04
1.942174681489025723e+00,6.128134676702181594e+01,-2.395924605323632932e+04
1.996642450109793909e+00,6.299993902584918715e+01,-2.395923654398924191e+04
2.052637752709252084e+00,6.476672643473716562e+01,-2.395922649389742219e+04
2.110203428568595552e+00,6.658306041402822473e+01,-2.395921587221423033e+04
2.169383518385184395e+00,6.845033026686982680e+01,-2.395920464642042862e+04
2.230223297965937768e+00,7.036996424038430575e+01,-2.395919278216472230e+04
2.292769312865649223e+00,7.234343061596274538e+01,-2.395918024312315902e+04
2.357069413996727647e+00,7.437223883053161444e+01,-2.395916699092829003e+04
2.423172794237599348e+00,7.645794062859701512e+01,-2.395915298502097357e+04
2.491130026067788883e+00,7.860213124680919350e+01,-2.395913818253774298e+04
2.560993100258458721e+00,8.080645063124995886e+01,-2.395912253816310476e+04
2.632815465648020936e+00,8.307258468911682314e+01,-2.395910600402926138e+04
2.706652070033241486e+00,8.540226657471066574e+01,-2.395908852952479720e+04
2.782559402207124499e+00,8.779727801175899060e+01,-2.395907006116699995e+04
2.860595535175742388e+00,9.025945065239207565e+01,-2.395905054244126586e+04
2.940820170587063132e+00,9.279066747379226854e+01,-2.395902991360907254e+04
3.023294684405777311e+00,9.539286421391136628e+01,-2.395900811152085589e+04
3.108082173869064047e+00,9.806803084733940068e+01,-2.395898506947654460e+04
3.195247505759212014e+00,1.008182131014320646e+02,-2.395896071693590420e+04
3.284857366030044634e+00,1.036455140157342214e+02,-2.395893497938499422e+04
3.376980310825090648e+00,1.065520955435427908e+02,-2.395890777804528989e+04
3.471686818926561280e+00,1.095401801988322887e+02,-2.395887902967810442e+04
3.569049345675229468e+00,1.126120527483967209e+02,-2.395884864629455478e+04
3.669142378402493243e+00,1.157700619511286391e+02,-2.395881653491893303e+04
3.772042493416998266e+00,1.190166223453376659e+02,-2.395878259727709155e+04
3.877828414589456152e+00,1.223542160858222729e+02,-2.395874672951928733e+04
3.986581073580441004e+00,1.257853948312252754e+02,-2.395870882186283052e+04
4.098383671757261482e+00,1.293127816845694440e+02,-2.395866875831543803e+04
4.213321743847288303e+00,1.329390731862662278e+02,-2.395862641626600453e+04
4.331483223376399572e+00,1.366670413630519647e+02,-2.395858166614535367e+04
4.452958509942654963e+00,1.404995358329632325e+02,-2.395853437101530653e+04
4.577840538376618973e+00,1.444394859684184382e+02,-2.395848438614736006e+04
4.706224849841281532e+00,1.484899031187514709e+02,-2.395843155857915917e+04
4.838209664925956055e+00,1.526538828943118915e+02,-2.395837572666490087e+04
4.973895958790063965e+00,1.569346075126417190e+02,-2.395831671955855199e+04
5.113387538414325917e+00,1.613353482093842217e+02,-2.395825435670038496e+04
5.256791122018421802e+00,1.658594677154212889e+02,-2.395818844727321630e+04
5.404216420705916235e+00,1.705104228013218517e+02,-2.395811878960298418e+04
5.555776222398876030e+00,1.752917668916918501e+02,-2.395804517055903489e+04
5.711586478126432276e+00,1.802071527506871007e+02,-2.395796736488875104e+04
5.871766390733255570e+00,1.852603352405509725e+02,-2.395788513452854750e+04
6.036438506075866961e+00,1.904551741556184368e+02,-2.395779822789229729e+04
6.205728806776502182e+00,1.957956371325064140e+02,-2.395770637908222488e+04
6.379766808606280648e+00,2.012858026402004725e+02,-2.395760930710578032e+04
6.558685659571431792e+00,2.069298630494186568e+02,-2.395750671497681105e+04
6.742622241778342129e+00,2.127321277864706133e+02,-2.395739828884087547e+04
6.931717276155406005e+00,2.186970265710756109e+02,-2.395728369701685369e+04
7.126115430111747528e+00,2.248291127403326470e+02,-2.395716258892957921e+04
7.325965428215230446e+00,2.311330666641654830e+02,-2.395703459412850134e+04
7.531420165974371805e+00,2.376136992491066735e+02,-2.395689932108553694e+04
7.742636826811269302e+00,2.442759555374693434e+02,-2.395675635603823685e+04
7.959777002314983640e+00,2.511249184004997801e+02,-2.395660526168666183e+04
8.183006815867392092e+00,2.581658123310901374e+02,-2.395644557591693228e+04
8.412497049736117560e+00,2.654040073343729205e+02,-2.395627681033790213e+04
8.648423275731722981e+00,2.728450229218121308e+02,-2.395609844880288802e+04
8.890965989529160396e+00,2.804945322104219372e+02,-2.395590994587613022e+04
9.140310748756229842e+00,2.883583661263525073e+02,-2.395571072510856538e+04
9.396648314954692438e+00,2.964425177199191239e+02,-2.395550017731099433e+04
9.660174799522645017e+00,3.047531465911866349e+02,-2.395527765869938230e+04
9.931091813749794994e+00,3.132965834287517737e+02,-2.395504248892893884e+04
1.020960662306046451e+01,3.220793346649505793e+02,-2.395479394901504202e+04
1.049593230558227752e+01,3.311080872488289515e+02,-2.395453127913480785e+04
1.079028791516184071e+01,3.403897135403796597e+02,-2.395425367634370559e+04
1.109289864895222699e+01,3.499312763265514832e+02,-2.395396029209413609e+04
1.140399601970032428e+01,3.597400339622669208e+02,-2.395365022967179175e+04
1.172381803286598512e+01,3.698234456397291297e+02,-2.395332254148419815e+04
1.205260936870842592e+01,3.801891767838118881e+02,-2.395297622612259511e+04
1.239062156947916193e+01,3.908451045814928193e+02,-2.395261022535501615e+04
1.273811323186478539e+01,4.017993236442120519e+02,-2.395222342093468978e+04
1.309535020482667100e+01,4.130601518022510277e+02,-2.395181463114956205e+04
1.346260579298910365e+01,4.246361360381088730e+02,-2.395138260724632346e+04
1.384016096573131627e+01,4.365360585581956911e+02,-2.395092602966774939e+04
1.422830457214352684e+01,4.487689430024773856e+02,-2.395044350401122574e+04
1.462733356201129808e+01,4.613440607958464170e+02,-2.394993355681449975e+04
1.503755321299737702e+01,4.742709376426970493e+02,-2.394939463110487486e+04
1.545927736419477760e+01,4.875593601610910355e+02,-2.394882508163081002e+04
1.589282865622977958e+01,5.012193826644787009e+02,-2.394822316993385539e+04
1.633853877809861288e+01,5.152613340846770598e+02,-2.394758705906882460e+04
1.679674872092653004e+01,5.296958250385607698e+02,-2.394691480802472142e+04
1.726780903884355922e+01,5.445337550400677173e+02,-2.394620436587773656e+04
1.775208011717635159e+01,5.597863198541892871e+02,-2.394545356560364235e+04
1.824993244816152327e+01,5.754650189926396706e+02,-2.394466011751026599e+04
1.876174691439120323e+01,5.915816633501297019e+02,-2.394382160234311232e+04
1.928791508020777812e+01,6.081483829814133060e+02,-2.394293546403121945e+04
1.982883949127071332e+01,6.251776350073283766e+02,-2.394199900190021071e+04
2.038493398252463251e+01,6.426822116631600466e+02,-2.394100936265676501e+04
2.095662399480432825e+01,6.606752484660333948e+02,-2.393996353172839372e+04
2.154434690031883193e+01,6.791702325138169272e+02,-2.393885832426881461e+04
2.214855233726359174e+01,6.981810108965817108e+02,-2.393769037556614421e+04
2.276970255381679920e+01,7.177217992255642685e+02,-2.393645613100798437e+04
2.340827276178293204e+01,7.378071902608368191e+02,-2.393515183539063946e+04
2.406475150015424092e+01,7.584521626421865221e+02,-2.393377352177457578e+04
2.473964100886813000e+01,7.796720896995091152e+02,-2.393231699959278558e+04
2.543345761304649599e+01,8.014827483421750003e+02,-2.393077784216738291e+04
2.614673211801092023e+01,8.239003280130476696e+02,-2.392915137358761785e+04
2.688001021537606050e+01,8.469414396871179633e+02,-2.392743265478794274e+04
2.763385290053169996e+01,8.706231249068422358e+02,-2.392561646891657074e+04
2.840883690183302690e+01,8.949628648316817134e+02,-2.392369730590314066e+04
2.920555512182746583e+01,9.199785892855077236e+02,-2.392166934619696622e+04
3.002461709085549302e+01,9.456886857739247034e+02,-2.391952644358736507e+04
3.086664943337272859e+01,9.721120084587059864e+02,-2.391726210718138827e+04
3.173229634734976301e+01,9.992678870488061875e+02,-2.391486948231899805e+04
3.262222009711669557e+01,1.027176135587743374e+03,-2.391234133053106416e+04
3.353710152002930300e+01,1.055857061104335799e+03,-2.390967000842587368e+04
3.447764054734464167e+01,1.085331472082941445e+03,-2.390684744542654880e+04
3.544455673970433907e+01,1.115620686722488472e+03,-2.390386512034840052e+04
3.643858983763544757e+01,1.146746540936424026e+03,-2.390071403676192494e+04
3.746050032748993175e+01,1.178731396047246108e+03,-2.389738469705546959e+04
3.851107002325570505e+01,1.211598146117369652e+03,-2.389386707512083740e+04
3.959110266468458406e+01,1.245370224870828224e+03,-2.389015058768234667e+04
4.070142453219436618e+01,1.280071612128898551e+03,-2.388622406408593451e+04
4.184288507901582221e+01,1.315726839702536381e+03,-2.388207571460619147e+04
4.301635758106795038e+01,1.352360996661594299e+03,-2.387769309711052847e+04
4.422273980505899260e+01,1.389999733898086561e+03,-2.387306308204675952e+04
4.546295469532399380e+01,1.428669267894582617e+03,-2.386817181566642466e+04
4.673795107992461340e+01,1.468396383609251870e+03,-2.386300468147114952e+04
4.804870439655131520e+01,1.509208436358621611e+03,-2.385754625971600399e+04
4.939621743878320359e+01,1.551133352597849353e+03,-2.385178028497518608e+04
5.078152112327673251e+01,1.594199629459219750e+03,-2.384568960161076029e+04
5.220567527846975509e+01,1.638436332937139696e+03,-2.383925611722030953e+04
5.366976945540476152e+01,1.683873094546338280e+03,-2.383246075378129535e+04
5.517492376129126086e+01,1.730540106320016321e+03,-2.382528339658990080e+04
5.672228971644543805e+01,1.778468113969499200e+03,-2.381770284087270193e+04
5.831305113526221362e+01,1.827688408015827235e+03,-2.380969673593957486e+04
5.994842503189408944e+01,1.878232812709567725e+03,-2.380124152692014104e+04
6.162966255132942450e+01,1.930133672507352003e+03,-2.379231239388326867e+04
6.335804992658250967e+01,1.983423835902969813e+03,-2.378288318845956746e+04
6.513490946272803228e+01,2.038136636336638958e+03,-2.377292636773454069e+04
6.696160054853218924e+01,2.094305869944867936e+03,-2.376241292549616992e+04
6.883952069645496863e+01,2.151965769845847262e+03,-2.375131232070421902e+04
7.077010661181888906e+01,2.211150976679541145e+03,-2.373959240326119107e+04
7.275483529196229426e+01,2.271896505056448405e+03,-2.372721933695846747e+04
7.479522515621820844e+01,2.334237705589428060e+03,-2.371415751969055782e+04
7.689283720758309926e+01,2.398210222125861037e+03,-2.370036950090175014e+04
7.904927622696423839e+01,2.463849943791885835e+03,-2.368581589627671565e+04
8.126619200091946027e+01,2.531192951439033550e+03,-2.367045529981831714e+04
8.354528058382867073e+01,2.600275458041622642e+03,-2.365424419330744058e+04
8.588828559546249153e+01,2.671133742590177462e+03,-2.363713685330058433e+04
8.829699955494086794e+01,2.743804076971705399e+03,-2.361908525575520980e+04
9.077326525210227715e+01,2.818322645336532787e+03,-2.360003897852297450e+04
9.331897715733238385e+01,2.894725455397343467e+03,-2.357994510188235654e+04
9.593608287093141485e+01,2.973048241087032238e+03,-2.355874810735886786e+04
9.862658461312820180e+01,3.053326355991921901e+03,-2.353638977516091472e+04
1.013925407558815266e+02,3.135594656927054530e+03,-2.351280908057484703e+04
1.042360673976401131e+02,3.219887377029568142e+03,-2.348794208976457230e+04
1.071593399822671131e+02,3.306237987695020820e+03,-2.346172185543230080e+04
1.101645949633656869e+02,3.394679048685489306e+03,-2.343407831289169189e+04
1.132541315152811450e+02,3.485242045719333419e+03,-2.340493817724566543e+04
1.164303132920876749e+02,3.577957214835245850e+03,-2.337422484231023918e+04
1.196955702359042846e+02,3.672853352837028524e+03,-2.334185828218624738e+04
1.230524004359261596e+02,3.769957613094936278e+03,-2.330775495630545993e+04
1.265033720395903742e+02,3.869295286050456525e+03,-2.327182771911752570e+04
1.300511252173408536e+02,3.970889563685336725e+03,-2.323398573534928073e+04
1.336983741824946605e+02,4.074761287392228496e+03,-2.319413440237883697e+04
1.374479092677536585e+02,4.180928678560298067e+03,-2.315217528087889877e+04
1.413025990599533657e+02,4.289407051372822025e+03,-2.310800603541406963e+04
1.452653925946781328e+02,4.400208507330003158e+03,-2.306152038667903616e+04
1.493393216124251808e+02,4.513341611071939042e+03,-2.301260807715620831e+04
1.535275028780422701e+02,4.628811047247766510e+03,-2.296115485227050885e+04
1.578331405652118065e+02,4.746617258234576184e+03,-2.290704245915729189e+04
1.622595287078087267e+02,4.866756062716534871e+03,-2.285014866540973526e+04
1.668100537200059250e+02,4.989218255270020563e+03,-2.279034730028356353e+04
1.714881969870539251e+02,5.113989187341370780e+03,-2.272750832105267546e+04
1.762975375287205679e+02,5.241048330193583752e+03,-2.266149790726709398e+04
1.812417547374237756e+02,5.370368820742794014e+03,-2.259217858600185355e+04
1.863246311931559944e+02,5.501916991382609012e+03,-2.251940939101503682e+04
1.915500555573527777e+02,5.635651885405962275e+03,-2.244304605926108707e+04
1.969220255479171442e+02,5.771524759839614489e+03,-2.236294126789719667e+04
2.024446509976803839e+02,5.909478578032362748e+03,-2.227894491524496334e+04
2.081221569986339262e+02,6.049447494740490583e+03,-2.219090444908293648e+04
2.139588871343421488e+02,6.191356337004051966e+03,-2.209866524577482414e+04
2.199593068030074789e+02,6.335120084499726545e+03,-2.200207104335144322e+04
2.261280066337277219e+02,6.480643353843151090e+03,-2.190096443206038020e+04
2.324697059985647911e+02,6.627819891620907583e+03,-2.179518740510055432e+04
2.389892566231050353e+02,6.776532081824895613e+03,-2.168458197254027982e+04
2.456916462982790108e+02,6.926650473754992163e+03,-2.156899084066650175e+04
2.525820026962784652e+02,7.078033337255888000e+03,-2.144825815878055801e+04
2.596655972934869965e+02,7.230526252699404722e+03,-2.132223033482723622e+04
2.669478494034320875e+02,7.383961743772872978e+03,-2.119075692061589143e+04
2.744343303228365585e+02,7.538158961656903557e+03,-2.105369156648826538e+04
2.821307675939470982e+02,7.692923429790091177e+03,-2.091089304461211941e+04
2.900430493863991614e+02,7.848046858817255270e+03,-2.076222633882891023e+04
2.981772290019673619e+02,8.003307041636036956e+03,-2.060756379792838925e+04
3.065395295056526948e+02,8.158467838797701916e+03,-2.044678634796774350e+04
3.151363484866479325e+02,8.313279264556140333e+03,-2.027978475784297552e+04
3.239742629528195721e+02,8.467477683733843151e+03,-2.010646095076022539e+04
3.330600343624588504e+02,8.620786129479072770e+03,-1.992672935289253292e+04
3.424006137971425687e+02,8.772914751231419359e+03,-1.974051826855878971e+04
3.520031472796678713e+02,8.923561401794904668e+03,-1.954777126997595406e+04
3.618749812411280118e+02,9.072412371145128418e+03,-1.934844858763909360e+04
3.720236681413065867e+02,9.219143273497596965e+03,-1.914252848598788478e+04
3.824569722466999337e+02,9.363420092467131326e+03,-1.893000860735243987e+04
3.931828755705770391e+02,9.504900387475867319e+03,-1.871090726595252272e+04
4.042095839796305654e+02,9.643234662141903755e+03,-1.848526467225743909e+04
4.155455334718875520e+02,9.778067893226258093e+03,-1.825314406735499142e+04
4.271993966306776542e+02,9.909041215866724087e+03,-1.801463274610867302e+04
4.391800892596086214e+02,1.003579375796651584e+04,-1.776984294766799940e+04
4.514967772036101792e+02,1.015796461366991753e+04,-1.751891259208479823e+04
4.641588833612777307e+02,1.027519494247545845e+04,-1.726200584220594828e+04
4.771760948938745628e+02,1.038713017758130991e+04,-1.699931347122495572e+04
4.905583706365045487e+02,1.049342232375575259e+04,-1.673105301778709327e+04
5.043159487171358819e+02,1.059373232204860506e+04,-1.645746871265294249e+04
5.184593543892913203e+02,1.068773245593046340e+04,-1.617883116359500491e+04
5.329994080844087421e+02,1.077510877089747737e+04,-1.589543678827891927e+04
5.479472336900287246e+02,1.085556347766635372e+04,-1.560760698857520401e+04
5.633142670601357622e+02,1.092881730738711849e+04,-1.531568706359322459e+04
5.791122647641758476e+02,1.099461178657650089e+04,-1.502004486319432544e+04
5.953533130814370224e+02,1.105271139899993432e+04,-1.472106918817030601e+04
6.120498372476696431e+02,1.110290560229170842e+04,-1.441916794794251837e+04
6.292146109610343956e+02,1.114501066823501787e+04,-1.411476609133607053e+04
6.468607661546327563e+02,1.117887131746788509e+04,-1.380830333034590512e+04
6.650018030431118632e+02,1.120436212216704917e+04,-1.350023168118195827e+04
6.836516004510237963e+02,1.122138865340523080e+04,-1.319101285060828013e+04
7.028244264308345919e+02,1.122988835392951114e+04,-1.288111549891148388e+04
7.225349491787213765e+02,1.122983112146251915e+04,-1.257101241352146826e+04
7.427982482564918882e+02,1.122121959253352543e+04,-1.226117762926639625e+04
7.636298261282241810e+02,1.120408912197142126e+04,-1.195208353243064994e+04
7.850456200204508832e+02,1.117850745832144094e+04,-1.164419798607665507e+04
8.070620141149498750e+02,1.114457412094481515e+04,-1.133798151376410897e+04
8.296958520834906494e+02,1.110241948932195737e+04,-1.103388457733018367e+04
8.529644499741025356e+02,1.105220362021334586e+04,-1.073234498248132513e+04
8.768856094587426924e+02,1.099411481242760055e+04,-1.043378544309902281e+04
9.014776314524917780e+02,1.092836794299728717e+04,-1.013861133182160484e+04
9.267593301146882823e+02,1.085520260162578961e+04,-9.847208640543987713e+03
9.527500472427290106e+02,1.077488105296275535e+04,-9.559942170251712014e+03
9.794696670695395824e+02,1.068768605794465293e+04,-9.277153965052986678e+03
1.006938631476027126e+03,1.059391858654999305e+04,-8.999162000629728936e+03
1.035177955630176257e+03,1.049389545471286510e+04,-8.726259132726538155e+03
1.064209244064724544e+03,1.038794691764310483e+04,-8.458712306720071865e+03
1.094054707205742488e+03,1.027641425090696612e+04,-8.196762025120069666e+03
1.124737178364752026e+03,1.015964734893129571e+04,-7.940622065823987214e+03
1.156280131207375462e+03,1.003800236852796115e+04,-7.690479440499035263e+03
1.188707697711903393e+03,9.911839442577151203e+03,-7.446494579314877228e+03
1.222044686631488730e+03,9.781520486057061134e+03,-7.208801725754118706e+03
1.256316602474120145e+03,9.647407113749284690e+03,-6.977509523146244646e+03
1.291549665014884113e+03,9.509858685635370421e+03,-6.752701773076635618e+03
1.327770829355428987e+03,9.369230492878659788e+03,-6.534438344810286253e+03
1.365007806546013853e+03,9.225872094161204586e+03,-6.322756214404781531e+03
1.403289084785873229e+03,9.080125809036835562e+03,-6.117670612038036779e+03
1.442643951218157326e+03,8.932325372174980657e+03,-5.919176256545772048e+03
1.483102514336104377e+03,8.782794749660322850e+03,-5.727248656725521869e+03
1.524695727017573063e+03,8.631847116166805790e+03,-5.541845460054286377e+03
1.567455410205594944e+03,8.479783989715228017e+03,-5.362907830651322911e+03
1.611414277253019918e+03,8.326894518856166542e+03,-5.190361839746704391e+03
1.656605958949913429e+03,8.173454915634977624e+03,-5.024119853430191142e+03
1.703065029252844397e+03,8.019728026449904974e+03,-4.864081904135699006e+03
1.750827031735725086e+03,7.865963031926294207e+03,-4.710137033917573717e+03
1.799928506782476461e+03,7.712395266289708161e+03,-4.562164599287523743e+03
1.850407019542302123e+03,7.559246146186763326e+03,-4.420035528940305085e+03
1.902301188668943951e+03,7.406723198726447663e+03,-4.283613527340476139e+03
1.955650715865948996e+03,7.255020178449751256e+03,-4.152756218519421964e+03
2.010496416260499018e+03,7.104317263028525304e+03,-4.027316225889251655e+03
2.066880249629081845e+03,6.954781317784806561e+03,-3.907142185076572787e+03
2.124845352498882676e+03,6.806566219483820532e+03,-3.792079687944551551e+03
2.184436071149425970e+03,6.659813230303992896e+03,-3.681972156979561987e+03
2.245697995539774183e+03,6.514651413451204462e+03,-3.576661650106176239e+03
2.308677994187169588e+03,6.371198082432375486e+03,-3.475989596742143476e+03
2.373424250023866080e+03,6.229559276653897541e+03,-3.379797466595172864e+03
2.439986297259550156e+03,6.089830256603147063e+03,-3.287927373187932972e+03
2.508415059277538603e+03,5.952096012550548039e+03,-3.200222614586756663e+03
2.578762887593800770e+03,5.816431781291768857e+03,-3.116528154113354958e+03
2.651083601908539094e+03,5.682903566091921675e+03,-3.036691044092145148e+03
2.725432531281027877e+03,5.551568655560211482e+03,-2.960560795867549587e+03
2.801866556459195181e+03,5.422476137743972686e+03,-2.887989699437263880e+03
2.880444153396297679e+03,5.295667406266340549e+03,-2.818833096096898771e+03
2.961225437988034628e+03,5.171176655777933775e+03,-2.752949607513127376e+03
3.044272212064302948e+03,5.049031364504546218e+03,-2.690201324593067511e+03
3.129648010670750409e+03,4.929252762015763437e+03,-2.630453959457906421e+03
3.217418150676371624e+03,4.811856280741244518e+03,-2.573576963709211668e+03
3.307649780744242435e+03,4.696851990123890573e+03,-2.519443616100858435e+03
3.400411932703706043e+03,4.584245012516995303e+03,-2.467931082527846684e+03
3.495775574363275155e+03,4.474035920295070355e+03,-2.418920451158870492e+03
3.593813663804625776e+03,4.366221113789859373e+03,-2.372296745329013447e+03
3.694601205199302512e+03,4.260793179918089663e+03,-2.327948916678704336e+03
3.798215306190736101e+03,4.157741231529387733e+03,-2.285769820848954623e+03
3.904735236885559971e+03,4.057051227626328000e+03,-2.245656177869876046e+03
4.014242490499321775e+03,3.958706274758711970e+03,-2.207508519237419023e+03
4.126820845702951374e+03,3.862686909989229662e+03,-2.171231123498256693e+03
4.242556430717777403e+03,3.768971365898351905e+03,-2.136731942017745496e+03
4.361537789208005961e+03,3.677535818171770643e+03,-2.103922516459709186e+03
4.483855948021186123e+03,3.588354616370986150e+03,-2.072717889370317607e+03
4.609604486828433437e+03,3.501400498510969101e+03,-2.043036509121455765e+03
4.738879609717650965e+03,3.416644790102715433e+03,-2.014800130353127543e+03
4.871780218794630855e+03,3.334057588330127146e+03,-1.987933710930672532e+03
5.008407989848212310e+03,3.253607932056409936e+03,-1.962365306342900794e+03
5.148867450137492597e+03,3.175263958314327283e+03,-1.938025962340972455e+03
5.293266058360561146e+03,3.098993045981732394e+03,-1.914849606559400172e+03
5.441714286865892973e+03,3.024761947288879128e+03,-1.892772939751847844e+03
5.594325706169377554e+03,2.952536907811176661e+03,-1.871735327210065179e+03
5.751217071841613688e+03,2.882283775579362100e+03,-1.851678690868086278e+03
5.912508413831875259e+03,2.813968099914509366e+03,-1.832547402522808625e+03
6.078323128297230141e+03,2.747555220575676231e+03,-1.814288178555803370e+03
6.248788072006894254e+03,2.683010347779885706e+03,-1.796849976483445971e+03
6.424033659394191091e+03,2.620298633639648870e+03,-1.780183893628306123e+03
6.604193962330305112e+03,2.559385235518854188e+03,-1.764243068152853311e+03
6.789406812696105590e+03,2.500235371804105853e+03,-1.748982582675150979e+03
6.979813907830660355e+03,2.442814370552345736e+03,-1.734359370652647385e+03
7.175560918936928829e+03,2.387087711447253696e+03,-1.720332125688614497e+03
7.376797602527730305e+03,2.333021061483766516e+03,-1.706861213904094257e+03
7.583677914997190783e+03,2.280580304775347031e+03,-1.693908589496642435e+03
7.796360130405229029e+03,2.229731566850488434e+03,-1.681437713588821680e+03
8.015006961565404708e+03,2.180441233794424079e+03,-1.669413476462447079e+03
8.239785684528520505e+03,2.132675966571979643e+03,-1.657802123264860256e+03
8.470868266557401512e+03,2.086402710849313280e+03,-1.646571183263191870e+03
8.708431497690724427e+03,2.041588702621497077e+03,-1.635689402721107172e+03
8.952657125996391187e+03,1.998201469939908520e+03,-1.625126681467297203e+03
9.203731996618220364e+03,1.956208831024217261e+03,-1.614854013222935464e+03
9.461848194722002518e+03,1.915578889040030390e+03,-1.604843429757990634e+03
9.727203192450537244e+03,1.876280023808167471e+03,-1.595067948936333778e+03
1.000000000000000000e+04,1.838280880728055536e+03,-1.585501526726447310e+03
1.028044732093309722e+04,1.801550357172585336e+03,-1.576119013233146461e+03
1.056875971184804985e+04,1.766057586640298950e+03,-1.566896112826542549e+03
1.086515774652537220e+04,1.731771920938514540e+03,-1.557809348431784656e+03
1.116986818467822559e+04,1.698662910679211791e+03,-1.548836030037771707e+03
1.148312414543511113e+04,1.666700284395481958e+03,-1.539954227498051068e+03
1.180516528568805552e+04,1.635853926570028989e+03,-1.531142747664694298e+03
1.213623798344241732e+04,1.606093854911867311e+03,-1.522381115916461113e+03
1.247659552630868529e+04,1.577390197207467054e+03,-1.513649562109871113e+03
1.282649830528059829e+04,1.549713168102465261e+03,-1.504929010980409885e+03
1.318621401394748500e+04,1.523033046185141075e+03,-1.496201077001789827e+03
1.355601785329368977e+04,1.497320151758407064e+03,-1.487448063686861587e+03
1.393619274224143555e+04,1.472544825704854475e+03,-1.478652967290929382e+03
1.432702953409829388e+04,1.448677409869386565e+03,-1.469799484848397924e+03
1.472882723907501713e+04,1.425688229393642132e+03,-1.460872026435712314e+03
1.514189325304351951e+04,1.403547577455900182e+03,-1.451855731519302481e+03
1.556654359271062094e+04,1.382225702870701070e+03,-1.442736489194267961e+03
1.600310313738701734e+04,1.361692801015580471e+03,-1.433500962078143857e+03
1.645190587753660657e+04,1.341919008545125052e+03,-1.424136613563597393e+03
1.691329517029647104e+04,1.322874402348277044e+03,-1.414631738078362105e+03
1.738762400216250535e+04,1.304529003190560616e+03,-1.404975493940438355e+03
1.787525525904235474e+04,1.286852784454103585e+03,-1.395157938326648491e+03
1.837656200388172510e+04,1.269815686364191833e+03,-1.385170063817315167e+03
1.889192776207664429e+04,1.253387636034507977e+03,-1.375003835901158027e+03
1.942174681489024442e+04,1.237538573621553496e+03,-1.364652230775014914e+03
1.996642450109793208e+04,1.222238484802443736e+03,-1.354109272703264651e+03
2.052637752709252163e+04,1.207457439713533404e+03,-1.343370070148588184e+03
2.110203428568596428e+04,1.193165638403182129e+03,-1.332430849846456795e+03
2.169383518385182106e+04,1.179333462740338064e+03,-1.321288987947205442e+03
2.230223297965936217e+04,1.165931534621323408e+03,-1.309943037338549630e+03
2.292769312865648681e+04,1.152930780186223501e+03,-1.298392750239164116e+03
2.357069413996727963e+04,1.140302499640399446e+03,-1.286639095173361966e+03
2.423172794237600829e+04,1.128018442136903104e+03,-1.274684267450786592e+03
2.491130026067791187e+04,1.116050885051762634e+03,-1.262531692331353042e+03
2.560993100258456616e+04,1.104372716850844881e+03,-1.250186020116855616e+03
2.632815465648020108e+04,1.092957522622028137e+03,-1.237653112498901237e+03
2.706652070033241398e+04,1.081779671234946136e+03,-1.224940019605619227e+03
2.782559402207125822e+04,1.070814402991336692e+03,-1.212054947321626514e+03
2.860595535175744953e+04,1.060037916535718523e+03,-1.199007214594147399e+03
2.940820170587060784e+04,1.049427453749295864e+03,-1.185807200621509310e+03
3.023294684405776206e+04,1.038961381296116542e+03,-1.172466281980050326e+03
3.108082173869063990e+04,1.028619267491973233e+03,-1.158996759948725867e+03
3.195247505759213527e+04,1.018381953174126920e+03,-1.145411778469892624e+03
3.284857366030046978e+04,1.008231615308246433e+03,-1.131725233388357992e+03
3.376980310825088236e+04,9.981518221384860681e+02,-1.117951673786311403e+03
3.471686818926559499e+04,9.881275788042099748e+02,-1.104106196415899831e+03
3.569049345675229415e+04,9.781453624759056993e+02,-1.090204334381822719e+03
3.669142378402494069e+04,9.681931462320685569e+02,-1.076261941370629074e+03
3.772042493417001242e+04,9.582604110762039227e+02,-1.062295072828684397e+03
3.877828414589453314e+04,9.483381457000269847e+02,-1.048319865579224825e+03
3.986581073580438533e+04,9.384188338043247768e+02,-1.034352417412317891e+03
4.098383671757261618e+04,9.284964290151418709e+02,-1.020408668205869731e+03
4.213321743847289326e+04,9.185663176432933597e+02,-1.006504284109568630e+03
4.331483223376402748e+04,9.086252697535962852e+02,-9.926545462784646361e+02
4.452958509942650562e+04,8.986713792100890714e+02,-9.788742455576614248e+02
4.577840538376616314e+04,8.887039935437460372e+02,-9.651775844024940625e+02
4.706224849841281684e+04,8.787236346587864091e+02,-9.515780871866794541e+02
4.838209664925956895e+04,8.687319115258063675e+02,-9.380885198845475088e+02
4.973895958790067380e+04,8.587314261239747566e+02,-9.247208199406186395e+02
5.113387538414321170e+04,8.487256739721525491e+02,-9.114860369484296143e+02
5.256791122018419264e+04,8.387189406419975057e+02,-8.983942845695215738e+02
5.404216420705914788e+04,8.287161956641079996e+02,-8.854547039254345009e+02
5.555776222398877871e+04,8.187229852296757144e+02,-8.726754385051696090e+02
5.711586478126434668e+04,8.087453250566820770e+02,-8.600636204494138610e+02
5.871766390733249136e+04,7.987895947248489392e+02,-8.476253678976663650e+02
6.036438506075863552e+04,7.888624347069162468e+02,-8.353657929337744008e+02
6.205728806776500278e+04,7.789706472213256347e+02,-8.232890195243837752e+02
6.379766808606282575e+04,7.691211019195965264e+02,-8.113982107284163021e+02
6.558685659571435826e+04,7.593206472949268573e+02,-7.996956043546169894e+02
6.742622241778335592e+04,7.495760285716484077e+02,-7.881825561716473203e+02
6.931717276155400032e+04,7.398938126967702829e+02,-7.768595897138196733e+02
7.126115430111745081e+04,7.302803209192752547e+02,-7.657264516888237722e+02
7.325965428215230349e+04,7.207415693138008237e+02,-7.547821719785916912e+02
7.531420165974376141e+04,7.112832174684833717e+02,-7.440251272149560009e+02
7.742636826811278297e+04,7.019105254411008445e+02,-7.334531069327292698e+02
7.959777002314977290e+04,6.926283189650837357e+02,-7.230633813224033020e+02
8.183006815867389378e+04,6.834409627836531627e+02,-7.128527696478839744e+02
8.412497049736118061e+04,6.743523418888030392e+02,-7.028177084394005760e+02
8.648423275731726608e+04,6.653658503547401324e+02,-6.929543186309781504e+02
8.890965989529166836e+04,6.564843873734807858e+02,-6.832584708729550584e+02
9.140310748756222893e+04,6.477103600341895344e+02,-6.737258483229584272e+02
9.396648314954691159e+04,6.390456923227010293e+02,-6.643520062875545591e+02
9.660174799522645480e+04,6.304918397732857329e+02,-6.551324281710012656e+02
9.931091813749801076e+04,6.220498091576356501e+02,-6.460625772605961856e+02
1.020960662306047598e+05,6.137201825688651979e+02,-6.371379439656273007e+02
1.049593230558226642e+05,6.055031452347908498e+02,-6.283540882082373855e+02
1.079028791516183555e+05,5.973985163807572007e+02,-6.197066767476455880e+02
1.109289864895222709e+05,5.894057824586930110e+02,-6.111915153021328706e+02
1.140399601970033109e+05,5.815241320665669491e+02,-6.028045754180179756e+02
1.172381803286599752e+05,5.737524918938140672e+02,-5.945420161110770323e+02
1.205260936870841397e+05,5.660895630532312452e+02,-5.864002003848294180e+02
1.239062156947915646e+05,5.585338571929426053e+02,-5.783757068039674323e+02
1.273811323186478548e+05,5.510837318198647381e+02,-5.704653363661490175e+02
1.309535020482667751e+05,5.437374243176685695e+02,-5.626661149806105868e+02
1.346260579298911034e+05,5.364930841939640231e+02,-5.549752919131495901e+02
1.384016096573130053e+05,5.293488031566698737e+02,-5.473903346064723792e+02
1.422830457214351918e+05,5.223026426830009541e+02,-5.399089203198856239e+02
1.462733356201129791e+05,5.153526588155900754e+02,-5.325289250598871149e+02
1.503755321299738425e+05,5.084969239941211185e+02,-5.252484102919835323e+02
1.545927736419478606e+05,5.017335458006748468e+02,-5.180656079273179557e+02
1.589282865622976387e+05,4.950606825734044492e+02,-5.109789040772768658e+02
1.633853877809860278e+05,4.884765559071512371e+02,-5.039868220498236155e+02
1.679674872092653241e+05,4.819794601300194472e+02,-4.970880050417273424e+02
1.726780903884356085e+05,4.755677689000406758e+02,-4.902811989434088673e+02
1.775208011717635964e+05,4.692399391199147090e+02,-4.835652356339528524e+02
1.824993244816150400e+05,4.629945124125304687e+02,-4.769390170969506357e+02
1.876174691439119633e+05,4.568301144312215456e+02,-4.704015006318828682e+02
1.928791508020777837e+05,4.507454523089819531e+02,-4.639516853853766634e+02
1.982883949127071246e+05,4.447393105603871959e+02,-4.575886003639926685e+02
2.038493398252464249e+05,4.388105457606690152e+02,-4.513112940383946921e+02
2.095662399480430759e+05,4.329580803179555346e+02,-4.451188255894414851e+02
2.154434690031882201e+05,4.271808956459801152e+02,-4.390102577990671193e+02
2.214855233726359147e+05,4.214780250223533926e+02,-4.329846515402558680e+02
2.276970255381680035e+05,4.158485463898326202e+02,-4.270410617781475935e+02
2.340827276178294269e+05,4.102915753310952596e+02,-4.211785349658115933e+02
2.406475150015421677e+05,4.048062584049796442e+02,-4.153961076838035069e+02
2.473964100886811502e+05,3.993917670013945553e+02,-4.096928063607239210e+02
2.543345761304648186e+05,3.940472918294429405e+02,-4.040676478957937547e+02
2.614673211801091966e+05,3.887720381170291262e+02,-3.985196410020391795e+02
2.688001021537607303e+05,3.835652215648129300e+02,-3.930477880908086377e+02
2.763385290053172503e+05,3.784260650634720946e+02,-3.876510875261697606e+02
2.840883690183301223e+05,3.733537961557207723e+02,-3.823285360920850167e+02
2.920555512182745151e+05,3.683476451989288307e+02,-3.770791315315606198e+02
3.002461709085549228e+05,3.634068441649579881e+02,-3.719018750374979732e+02
3.086664943337274599e+05,3.585306260008036361e+02,-3.667957735978513369e+02
3.173229634734979481e+05,3.537182244621740779e+02,-3.617598421185480788e+02
3.262222009711666615e+05,3.489688743305326852e+02,-3.567931052723538414e+02
3.353710152002928662e+05,3.442818119216681225e+02,-3.518945990406472788e+02
3.447764054734464153e+05,3.396562757999116116e+02,-3.470633719362179477e+02
3.544455673970435746e+05,3.350915076173262150e+02,-3.422984859101556481e+02
3.643858983763548313e+05,3.305867530091225035e+02,-3.375990169619840913e+02
3.746050032748989179e+05,3.261412624840868375e+02,-3.329640554791704972e+02
3.851107002325569047e+05,3.217542922653462369e+02,-3.283927063443304064e+02
3.959110266468458576e+05,3.174251050437999879e+02,-3.238840888475082238e+02
4.070142453219438903e+05,3.131529706233224033e+02,-3.194373364478169606e+02
4.184288507901584380e+05,3.089371664434505647e+02,-3.150515964236685704e+02
4.301635758106790599e+05,3.047769779763376050e+02,-3.107260294499532165e+02
4.422273980505897198e+05,3.006716990031289924e+02,-3.064598091368019368e+02
4.546295469532399438e+05,2.966206317788197566e+02,-3.022521215571876496e+02
4.673795107992463745e+05,2.926230871004477763e+02,-2.981021647867937645e+02
4.804870439655134105e+05,2.886783842958751620e+02,-2.940091484731900096e+02
4.939621743878315901e+05,2.847858511493862466e+02,-2.899722934440220570e+02
5.078152112327670329e+05,2.809448237827244270e+02,-2.859908313615202360e+02
5.220567527846975136e+05,2.771546465067597182e+02,-2.820640044242575186e+02
5.366976945540476590e+05,2.734146716577992038e+02,-2.781910651144123676e+02
5.517492376129128970e+05,2.697242594300025758e+02,-2.743712759864017130e+02
5.672228971644537523e+05,2.660827777119933444e+02,-2.706039094903372302e+02
5.831305113526218338e+05,2.624896019343324838e+02,-2.668882478241052354e+02
5.994842503189408453e+05,2.589441149307945693e+02,-2.632235828066484373e+02
6.162966255132942460e+05,2.554457068157054209e+02,-2.596092157665272566e+02
6.335804992658253759e+05,2.519937748760566478e+02,-2.560444574389070453e+02
6.513490946272795554e+05,2.485877234784441328e+02,-2.525286278678271970e+02
6.696160054853215115e+05,2.452269639875207758e+02,-2.490610563087323044e+02
6.883952069645496085e+05,2.419109146944558120e+02,-2.456410811302178843e+02
7.077010661181889009e+05,2.386390007516877745e+02,-2.422680497118173548e+02
7.275483529196232557e+05,2.354106541130807102e+02,-2.389413183394321720e+02
7.479522515621813945e+05,2.322253134760168223e+02,-2.356602520964251823e+02
7.689283720758305863e+05,2.290824242246418976e+02,-2.324242247520945455e+02
7.904927622696420876e+05,2.259814383730199836e+02,-2.292326186481835748e+02
8.126619200091945240e+05,2.229218145068580554e+02,-2.260848245836002377e+02
8.354528058382871095e+05,2.199030177247146867e+02,-2.229802416995150622e+02
8.588828559546258766e+05,2.169245195767080361e+02,-2.199182773639065260e+02
8.829699955494082533e+05,2.139857980030072895e+02,-2.168983470580411392e+02
9.077326525210223626e+05,2.110863372705556174e+02,-2.139198742636672250e+02
9.331897715733238729e+05,2.082256279095738307e+02,-2.109822903526091409e+02
9.593608287093146937e+05,2.054031666492270745e+02,-2.080850344775409155e+02
9.862658461312830914e+05,2.026184563536758674e+02,-2.052275534653930436e+02
1.013925407558814273e+06,1.998710059578507412e+02,-2.024093017121132618e+02
1.042360673976401100e+06,1.971603304038290503e+02,-1.996297410794784923e+02
1.071593399822671199e+06,1.944859505775184516e+02,-1.968883407935081209e+02
1.101645949633657001e+06,1.918473932456538762e+02,-1.941845773443029373e+02
1.132541315152812749e+06,1.892441909936984246e+02,-1.915179343875721543e+02
1.164303132920875680e+06,1.866758821636717585e+02,-1.888879026471211944e+02
1.196955702359042829e+06,1.841420107930648840e+02,-1.862939798191868306e+02
1.230524004359261598e+06,1.816421265536720853e+02,-1.837356704774716718e+02
1.265033720395903802e+06,1.791757846911434342e+02,-1.812124859796914222e+02
1.300511252173409797e+06,1.767425459649088282e+02,-1.787239443753884132e+02
1.336983741824945202e+06,1.743419765884137860e+02,-1.762695703147637971e+02
1.374479092677536653e+06,1.719736481696855037e+02,-1.738488949587027150e+02
1.413025990599533543e+06,1.696371376526257109e+02,-1.714614558902840429e+02
1.452653925946781179e+06,1.673320272582119514e+02,-1.691067970270177341e+02
1.493393216124253348e+06,1.650579044264885340e+02,-1.667844685346533424e+02
1.535275028780421242e+06,1.628143617588002598e+02,-1.644940267419059694e+02
1.578331405652116518e+06,1.606009969605172785e+02,-1.622350340565494093e+02
1.622595287078087218e+06,1.584174127839889366e+02,-1.600070588822228501e+02
1.668100537200059043e+06,1.562632169722385242e+02,-1.578096755369252548e+02
1.714881969870540779e+06,1.541380222028729747e+02,-1.556424641722374247e+02
1.762975375287203817e+06,1.520414460324722086e+02,-1.535050106936647296e+02
1.812417547374235699e+06,1.499731108414004837e+02,-1.513969066821144906e+02
1.863246311931559816e+06,1.479326437791388287e+02,-1.493177493164650684e+02
1.915500555573527934e+06,1.459196767099715260e+02,-1.472671412971389202e+02
1.969220255479173502e+06,1.439338461592572855e+02,-1.452446907707524133e+02
2.024446509976801695e+06,1.419747932598845352e+02,-1.432500112555806027e+02
2.081221569986337097e+06,1.400421636994522316e+02,-1.412827215683462612e+02
2.139588871343421284e+06,1.381356076678047202e+02,-1.393424457517944859e+02
2.199593068030074704e+06,1.362547798048892673e+02,-1.374288130032279014e+02
2.261280066337279510e+06,1.343993391493187062e+02,-1.355414576041770545e+02
2.324697059985645581e+06,1.325689490870928751e+02,-1.336800188507685903e+02
2.389892566231047735e+06,1.307632773011033862e+02,-1.318441409853894868e+02
2.456916462982790079e+06,1.289819957207392065e+02,-1.300334731288452303e+02
2.525820026962784585e+06,1.272247804722567111e+02,-1.282476692138135093e+02
2.596655972934872378e+06,1.254913118293833350e+02,-1.264863879189961722e+02
2.669478494034323376e+06,1.237812741645333290e+02,-1.247492926042317549e+02
2.744343303228362463e+06,1.220943559003517294e+02,-1.230360512464663856e+02
2.821307675939470530e+06,1.204302494617706003e+02,-1.213463363765395826e+02
2.900430493863991462e+06,1.187886512285419229e+02,-1.196798250170033668e+02
2.981772290019673295e+06,1.171692614881912675e+02,-1.180361986206104490e+02
3.065395295056529809e+06,1.155717843893378074e+02,-1.164151430095882773e+02
3.151363484866476152e+06,1.139959278957508388e+02,-1.148163483161212355e+02
3.239742629528195597e+06,1.124414037403974902e+02,-1.132395089230211624e+02
3.330600343624588568e+06,1.109079273804163819e+02,-1.116843234058538599e+02
3.424006137971425429e+06,1.093952179521775179e+02,-1.101504944753414748e+02
3.520031472796682734e+06,1.079029982270105421e+02,-1.086377289208855359e+02
3.618749812411276624e+06,1.064309945672241895e+02,-1.071457375545992221e+02
3.720236681413066108e+06,1.049789368826688332e+02,-1.056742351563582929e+02
3.824569722466999199e+06,1.035465585877572892e+02,-1.042229404194046793e+02
3.931828755705770105e+06,1.021335965587563095e+02,-1.027915758967506861e+02
4.042095839796309825e+06,1.007397910917333661e+02,-1.013798679483540752e+02
4.155455334718870930e+06,9.936488586078290552e+01,-9.998754668893357689e+01
4.271993966306776740e+06,9.800862787671856324e+01,-9.861434593657008918e+01
4.391800892596085556e+06,9.667076744625937579e+01,-9.726000316194780737e+01
4.514967772036101669e+06,9.535105813159263732e+01,-9.592425943839614888e+01
4.641588833612781949e+06,9.404925671031894296e+01,-9.460685939241126619e+01
4.771760948938741349e+06,9.276512313591908310e+01,-9.330755115508000586e+01
4.905583706365045160e+06,9.149842049851655190e+01,-9.202608631396923045e+01
5.043159487171358429e+06,9.024891498622592678e+01,-9.076221986584465640e+01
5.184593543892912567e+06,8.901637584677516202e+01,-8.951571016992797070e+01
5.329994080844093114e+06,8.780057534953986931e+01,-8.828631890176480113e+01
5.479472336900281720e+06,8.660128874812285460e+01,-8.707381100782036754e+01
5.633142670601352118e+06,8.541829424316951247e+01,-8.587795466067160532e+01
5.791122647641758434e+06,8.425137294574285818e+01,-8.469852121470836437e+01
5.953533130814369768e+06,8.310030884098594584e+01,-8.353528516260573156e+01
6.120498372476702556e+06,8.196488875223887760e+01,-8.238802409226190093e+01
6.292146109610337764e+06,8.084490230551699597e+01,-8.125651864431790727e+01
6.468607661546320654e+06,7.974014189446110379e+01,-8.014055247039020458e+01
6.650018030431118794e+06,7.865040264557354988e+01,-7.903991219176880634e+01
6.836516004510238767e+06,7.757548238390693029e+01,-7.795438735863892532e+01
7.028244264308352955e+06,7.651518159913862860e+01,-7.688377041003008117e+01
7.225349491787206382e+06,7.546930341194534719e+01,-7.582785663401256215e+01
7.427982482564910315e+06,7.443765354096649389e+01,-7.478644412892634818e+01
7.636298261282241903e+06,7.342004026980315246e+01,-7.375933376450844037e+01
7.850456200204509310e+06,7.241627441475907290e+01,-7.274632914416915241e+01
8.070620141149506904e+06,7.142616929268920956e+01,-7.174723656729744903e+01
8.296958520834915340e+06,7.044954068930258018e+01,-7.076186499240979799e+01
8.529644499741015956e+06,6.948620682788093461e+01,-6.979002600061903649e+01
8.768856094587426633e+06,6.853598833826805503e+01,-6.883153375967030740e+01
9.014776314524916932e+06,6.759870822626866982e+01,-6.788620498850048079e+01
9.267593301146883518e+06,6.667419184337667559e+01,-6.695385892217578316e+01
9.527500472427299246e+06,6.576226685690252793e+01,-6.603431727742523094e+01
9.794696670695384964e+06,6.486276322037049624e+01,-6.512740421859611217e+01
1.006938631476027146e+07,6.397551314432874392e+01,-6.423294632403074900e+01
1.035177955630176328e+07,6.310035106748851774e+01,-6.335077255301035137e+01
1.064209244064724632e+07,6.223711362816932535e+01,-6.248071421304769757e+01
1.094054707205743529e+07,6.138563963608972784e+01,-6.162260492768855613e+01
1.124737178364750743e+07,6.054577004457354406e+01,-6.077628060473460891e+01
1.156280131207375415e+07,5.971734792291992022e+01,-5.994157940487312430e+01
1.188707697711903229e+07,5.890021842925995088e+01,-5.911834171080094080e+01
1.222044686631488614e+07,5.809422878364588172e+01,-5.830641009674052810e+01
1.256316602474121377e+07,5.729922824150902727e+01,-5.750562929831938419e+01
1.291549665014882758e+07,5.651506806737690880e+01,-5.671584618295771918e+01
1.327770829355429113e+07,5.574160150899579946e+01,-5.593690972059030742e+01
1.365007806546013802e+07,5.497868377165396225e+01,-5.516867095483858918e+01
1.403289084785873070e+07,5.422617199288539780e+01,-5.441098297453103072e+01
1.442643951218158752e+07,5.348392521747220485e+01,-5.366370088560103113e+01
1.483102514336102828e+07,5.275180437276122802e+01,-5.292668178352231934e+01
1.524695727017573081e+07,5.202967224419727899e+01,-5.219978472584508467e+01
1.567455410205595009e+07,5.131739345124398000e+01,-5.148287070540049370e+01
1.611414277253019810e+07,5.061483442359330098e+01,-5.077580262367871455e+01
1.656605958949915133e+07,4.992186337758173664e+01,-5.007844526464225510e+01
1.703065029252842441e+07,4.923835029298479071e+01,-4.939066526884357700e+01
1.750827031735723466e+07,4.856416689006017151e+01,-4.871233110803625266e+01
1.799928506782476604e+07,4.789918660685519569e+01,-4.804331305998834267e+01
1.850407019542302191e+07,4.724328457681378524e+01,-4.738348318365811451e+01
1.902301188668945804e+07,4.659633760666890367e+01,-4.673271529480471287e+01
1.955650715865946934e+07,4.595822415455182153e+01,-4.609088494184450013e+01
2.010496416260496899e+07,4.532882430847523381e+01,-4.545786938208414085e+01
2.066880249629082158e+07,4.470801976494121988e+01,-4.483354755819893711e+01
2.124845352498883009e+07,4.409569380795539217e+01,-4.421780007518967182e+01
2.184436071149428561e+07,4.349173128819759171e+01,-4.361050917749723510e+01
2.245697995539771765e+07,4.289601860251018906e+01,-4.301155872653720991e+01
2.308677994187167287e+07,4.230844367362252001e+01,-4.242083417847927507e+01
2.373424250023866072e+07,4.172889593008370213e+01,-4.183822256231554348e+01
2.439986297259550169e+07,4.115726628655672670e+01,-4.126361245837699698e+01
2.508415059277541190e+07,4.059344712421783186e+01,-4.069689397687663046e+01
2.578762887593798339e+07,4.003733227155527175e+01,-4.013795873710420636e+01
2.651083601908536255e+07,3.948881698522864525e+01,-3.958669984648729923e+01
2.725432531281027943e+07,3.894779793135313639e+01,-3.904301188033269909e+01
2.801866556459195167e+07,3.841417316688684735e+01,-3.850679086160833720e+01
2.880444153396297991e+07,3.788784212127485063e+01,-3.797793424104140314e+01
2.961225437988037616e+07,3.736870557842678409e+01,-3.745634087754768871e+01
3.044272212064299732e+07,3.685666565874626599e+01,-3.694191101888938533e+01
3.129648010670750588e+07,3.635162580154258194e+01,-3.643454628260524686e+01
3.217418150676371530e+07,3.585349074759155741e+01,-3.593414963721275512e+01
3.307649780744242668e+07,3.536216652191295395e+01,-3.544062538360901726e+01
3.400411932703709602e+07,3.487756041679825358e+01,-3.495387913683063630e+01
3.495775574363271892e+07,3.439958097503770773e+01,-3.447381780799724282e+01
3.593813663804625720e+07,3.392813797334718373e+01,-3.400034958646782002e+01
3.694601205199302733e+07,3.346314240604329626e+01,-3.353338392236915411e+01
3.798215306190736592e+07,3.300450646886942963e+01,-3.307283150920564196e+01
3.904735236885564029e+07,3.255214354309708114e+01,-3.261860426679670866e+01
4.014242490499317646e+07,3.210596817975554274e+01,-3.217061532446948746e+01
4.126820845702952147e+07,3.166589608414025392e+01,-3.172877900443295829e+01
4.242556430717777461e+07,3.123184410044805759e+01,-3.129301080539178415e+01
4.361537789208005369e+07,3.080373019665598733e+01,-3.086322738636990692e+01
4.483855948021190614e+07,3.038147344957791418e+01,-3.043934655080209595e+01
4.609604486828429252e+07,2.996499403010579599e+01,-3.002128723077597527e+01
4.738879609717650712e+07,2.955421318866172697e+01,-2.960896947159912784e+01
4.871780218794631213e+07,2.914905324081186322e+01,-2.920231441645762871e+01
5.008407989848212153e+07,2.874943755308616744e+01,-2.880124429131096875e+01
5.148867450137497485e+07,2.835529052894313651e+01,-2.840568239006643125e+01
5.293266058360555768e+07,2.796653759499285741e+01,-2.801555305990127209e+01
5.441714286865887791e+07,2.758310518729766869e+01,-2.763078168679027868e+01
5.594325706169377267e+07,2.720492073794324028e+01,-2.725129468120870868e+01
5.751217071841613948e+07,2.683191266169776057e+01,-2.687701946408274623e+01
5.912508413831881434e+07,2.646401034293107557e+01,-2.650788445291389905e+01
6.078323128297223896e+07,2.610114412261112804e+01,-2.614381904807631329e+01
6.248788072006887943e+07,2.574324528555312952e+01,-2.578475361928633802e+01
6.424033659394190460e+07,2.539024604776793836e+01,-2.543061949231566743e+01
6.604193962330305576e+07,2.504207954402721725e+01,-2.508134893588946213e+01
6.789406812696112692e+07,2.469867981554451575e+01,-2.473687514862231396e+01
6.979813907830652595e+07,2.435998179784292716e+01,-2.439713224634047606e+01
7.175560918936921656e+07,2.402592130878826637e+01,-2.406205524942509655e+01
7.376797602527730167e+07,2.369643503673918872e+01,-2.373158007042274420e+01
7.583677914997190237e+07,2.337146052889281478e+01,-2.340564350170358310e+01
7.796360130405236781e+07,2.305093617976041642e+01,-2.308418320345673180e+01
8.015006961565396190e+07,2.273480121980392354e+01,-2.276713769173015578e+01
8.239785684528511763e+07,2.242299570420328791e+01,-2.245444632663028983e+01
8.470868266557402909e+07,2.211546050178633394e+01,-2.214604930078104772e+01
8.708431497690723836e+07,2.181213728410650532e+01,-2.184188762782251203e+01
8.952657125996400416e+07,2.151296851463895621e+01,-2.154190313113667088e+01
9.203731996618230641e+07,2.121789743815123330e+01,-2.124603843275405879e+01
9.461848194721992314e+07,2.092686807018342421e+01,-2.095423694230873224e+01
9.727203192450536788e+07,2.063982518667353361e+01,-2.066644284624298322e+01
1.000000000000000000e+08,2.035671431374224838e+01,-2.038260109715719537e+01
1.028044732093307674e+08,2.007748171756412248e+01,-2.010265740314295613e+01
1.056875971184805036e+08,1.980207439443188377e+01,-1.982655821757617076e+01
1.086515774652537256e+08,1.953044006088517293e+01,-1.955425072869893910e+01
1.116986818467824906e+08,1.926252714402141208e+01,-1.928568284961207269e+01
1.148312414543511122e+08,1.899828477190948561e+01,-1.902080320823947446e+01
1.180516528568803072e+08,1.873766276411842924e+01,-1.875956113753667864e+01
1.213623798344241828e+08,1.848061162241477362e+01,-1.850190666573725551e+01
1.247659552630868405e+08,1.822708252151972630e+01,-1.824779050685091519e+01
1.282649830528062582e+08,1.797702730003820193e+01,-1.799716405113361262e+01
1.318621401394748539e+08,1.773039845148185023e+01,-1.774997935585964370e+01
1.355601785329366028e+08,1.748714911541836159e+01,-1.750618913608631289e+01
1.393619274224143624e+08,1.724723306873707074e+01,-1.726574675559558614e+01
1.432702953409829438e+08,1.701060471701081056e+01,-1.702860621799316831e+01
1.472882723907504678e+08,1.677721908600625511e+01,-1.679472215782925915e+01
1.514189325304352045e+08,1.654703181328157058e+01,-1.656404983198276071e+01
1.556654359271058738e+08,1.631999913988346407e+01,-1.633654511099766538e+01
1.600310313738701642e+08,1.609607790219227397e+01,-1.611216447070042079e+01
1.645190587753660679e+08,1.587522552383148522e+01,-1.589086498380059709e+01
1.691329517029650509e+08,1.565740000770487939e+01,-1.567260431168674906e+01
1.738762400216250420e+08,1.544255992814700562e+01,-1.545734069626449880e+01
1.787525525904231668e+08,1.523066442314545199e+01,-1.524503295200419473e+01
1.837656200388172269e+08,1.502167318669905960e+01,-1.503564045798641580e+01
1.889192776207664311e+08,1.481554646126024721e+01,-1.482912315012583626e+01
1.942174681489028335e+08,1.461224503026485699e+01,-1.462544151349231392e+01
1.996642450109793246e+08,1.441173021078092020e+01,-1.442455657469024288e+01
2.052637752709248066e+08,1.421396384625283105e+01,-1.422642989438836558e+01
2.110203428568596542e+08,1.401890829930637672e+01,-1.403102355994582062e+01
2.169383518385182023e+08,1.382652644470106296e+01,-1.383830017813801128e+01
2.230223297965940833e+08,1.363678166232954148e+01,-1.364822286789758010e+01
2.292769312865648866e+08,1.344963783033858107e+01,-1.346075525333498923e+01
2.357069413996722996e+08,1.326505931830518925e+01,-1.327586145661781813e+01
2.423172794237600565e+08,1.308301098054517020e+01,-1.309350609120431663e+01
2.491130026067785919e+08,1.290345814947088599e+01,-1.291365425489315832e+01
2.560993100258462131e+08,1.272636662905934202e+01,-1.273627152319718192e+01
2.632815465648019910e+08,1.255170268838933723e+01,-1.256132394269061869e+01
2.706652070033235550e+08,1.237943305527177174e+01,-1.238877802445776943e+01
2.782559402207126021e+08,1.220952490996334561e+01,-1.221860073763993526e+01
2.860595535175738931e+08,1.204194587894775736e+01,-1.205075950307499966e+01
2.940820170587067008e+08,1.187666402881403904e+01,-1.188522218696670940e+01
3.023294684405776262e+08,1.171364786020438231e+01,-1.172195709476524073e+01
3.108082173869057298e+08,1.155286630183910113e+01,-1.156093296495983225e+01
3.195247505759213567e+08,1.139428870462374199e+01,-1.140211896310896478e+01
3.284857366030040383e+08,1.123788483582483622e+01,-1.124548467582070721e+01
3.376980310825094581e+08,1.108362487332416357e+01,-1.109100010490357668e+01
3.471686818926559687e+08,1.093147939994558193e+01,-1.093863566152884736e+01
3.569049345675222278e+08,1.078141939785071912e+01,-1.078836216051969288e+01
3.669142378402494192e+08,1.063341624301063426e+01,-1.064015081472093627e+01
3.772042493416993618e+08,1.048744169974174589e+01,-1.049397322931433330e+01
3.877828414589461088e+08,1.034346791531395127e+01,-1.034980139643638530e+01
3.986581073580438495e+08,1.020146741462581552e+01,-1.020760768961078568e+01
4.098383671757252812e+08,1.006141309494310576e+01,-1.006736485847941864e+01
4.213321743847289085e+08,9.923278220702435704e+00,-9.929046023397548382e+00
4.331483223376393914e+08,9.787036418390744785e+00,-9.792624670299856504e+00
4.452958509942659736e+08,9.652661671467530624e+00,-9.658074645412812131e+00
4.577840538376616240e+08,9.520128315367008653e+00,-9.525370150229173660e+00
4.706224849841271639e+08,9.389411032547609892e+00,-9.394485736431118283e+00
4.838209664925957322e+08,9.260484847615794379e+00,-9.265396300924944484e+00
4.973895958790057302e+08,9.133325122495433490e+00,-9.138077080856508161e+00
5.113387538414331079e+08,9.007907551660995438e+00,-9.012503648865990868e+00
5.256791122018418908e+08,8.884208157423428176e+00,-8.888651908138831104e+00
5.404216420705926418e+08,8.762203285281829679e+00,-8.766498087780648873e+00
5.555776222398878336e+08,8.641869599313025674e+00,-8.646018738079849442e+00
5.711586478126423359e+08,8.523184077633912281e+00,-8.527190725843176722e+00
5.871766390733261108e+08,8.406124007894394623e+00,-8.409991229854233197e+00
6.036438506075863838e+08,8.290666982841168320e+00,-8.294397736383679387e+00
6.205728806776512861e+08,8.176790895923506497e+00,-8.180388034602735559e+00
6.379766808606282473e+08,8.064473936941038090e+00,-8.067940212269570921e+00
6.558685659571422338e+08,7.953694587755043344e+00,-7.957032651297038406e+00
6.742622241778348684e+08,7.844431618034633402e+00,-7.847644023429110938e+00
6.931717276155400276e+08,7.736664081048847841e+00,-7.739753286001076482e+00
7.126115430111759901e+08,7.630371309513590106e+00,-7.633339677648980803e+00
7.325965428215230703e+08,7.525532911470398822e+00,-7.528382714163114109e+00
7.531420165974360704e+08,7.422128766214983742e+00,-7.424862184351984418e+00
7.742636826811277866e+08,7.320139020265905572e+00,-7.322758145907118710e+00
7.959777002314977646e+08,7.219544083370964316e+00,-7.222050921367563880e+00
8.183006815867406130e+08,7.120324624555248505e+00,-7.122721094099386363e+00
8.412497049736118317e+08,7.022461568205868865e+00,-7.024749504313602344e+00
8.648423275731709003e+08,6.925936090193419936e+00,-6.928117245107110023e+00
8.890965989529167414e+08,6.830729614033558050e+00,-6.832805658632284285e+00
9.140310748756222725e+08,6.736823807075513315e+00,-6.738796332097325426e+00
9.396648314954710007e+08,6.644200576727097740e+00,-6.646071094089351483e+00
9.660174799522645473e+08,6.552842066718914005e+00,-6.554612010622597573e+00
9.931091813749780655e+08,6.462730653384512358e+00,-6.464401381496150734e+00
1.020960662306047559e+09,6.373848941985949423e+00,-6.375421736483751545e+00
1.049593230558226585e+09,6.286179763058997949e+00,-6.287655831636706161e+00
1.079028791516185760e+09,6.199706168785327876e+00,-6.201086645630407901e+00
1.109289864895222664e+09,6.114411429393728170e+00,-6.115697376085615034e+00
1.140399601970030785e+09,6.030279029589361350e+00,-6.031471435923359437e+00
1.172381803286599636e+09,5.947292664994342282e+00,-5.948392449840061325e+00
1.205260936870841265e+09,5.865436238627450116e+00,-5.866444250650380887e+00
1.239062156947918177e+09,5.784693857387017246e+00,-5.785610875735835101e+00
1.273811323186478376e+09,5.705049828567203107e+00,-5.705876563569326265e+00
1.309535020482665062e+09,5.626488656385186360e+00,-5.627225750119460024e+00
1.346260579298911095e+09,5.548995038525199597e+00,-5.549643065394956665e+00
1.384016096573130131e+09,5.472553862700896943e+00,-5.473113329945360483e+00
1.422830457214354753e+09,5.397150203228199494e+00,-5.397621551398208872e+00
1.462733356201129913e+09,5.322769317614669760e+00,-5.323152921015349648e+00
1.503755321299735308e+09,5.249396643151408526e+00,-5.249692810192426506e+00
1.545927736419478416e+09,5.177017793527446621e+00,-5.177226767088050075e+00
1.589282865622976303e+09,5.105618555437674289e+00,-5.105740513159247485e+00
1.633853877809863806e+09,5.035184885207830696e+00,-5.035219939782964005e+00
1.679674872092653275e+09,4.965702905417300528e+00,-4.965651104760285151e+00
1.726780903884352446e+09,4.897158901529552466e+00,-4.897020229000857761e+00
1.775208011717636108e+09,4.829539318523471181e+00,-4.829313693064698931e+00
1.824993244816150427e+09,4.762830757518839775e+00,-4.762518033794257200e+00
1.876174691439123392e+09,4.697019972410742206e+00,-4.696619940848075103e+00
1.928791508020777702e+09,4.632093866488194323e+00,-4.631606253338500956e+00
1.982883949127067327e+09,4.568039489059628977e+00,-4.567463956422464832e+00
2.038493398252464294e+09,4.504844032063211934e+00,-4.504180177891048409e+00
2.095662399480430841e+09,4.442494826670304597e+00,-4.441742184677512917e+00
2.154434690031886578e+09,4.380979339883316115e+00,-4.380137379525642416e+00
2.214855233726359367e+09,4.320285171115066269e+00,-4.319353297462579455e+00
2.276970255381675243e+09,4.260400048761471048e+00,-4.259377602443617405e+00
2.340827276178294182e+09,4.201311826751568113e+00,-4.200198083742931132e+00
2.406475150015421867e+09,4.143008481087967709e+00,-4.141802652614120284e+00
2.473964100886816502e+09,4.085478106364601736e+00,-4.084179338738831433e+00
2.543345761304648399e+09,4.028708912265281938e+00,-4.027316286677472768e+00
2.614673211801086903e+09,3.972689220040914737e+00,-3.971201752381228189e+00
2.688001021537607670e+09,3.917407458960897593e+00,-3.915824099652427392e+00
2.763385290053166866e+09,3.862852162747433926e+00,-3.861171796525153521e+00
2.840883690183307171e+09,3.809011965974356873e+00,-3.807233411690590597e+00
2.920555512182744980e+09,3.755875600444610107e+00,-3.753997610905456472e+00
3.002461709085543156e+09,3.703431891535829745e+00,-3.701453153289430364e+00
3.086664943337274551e+09,3.651669754520909361e+00,-3.649588887730151665e+00
3.173229634734972954e+09,3.600578190852868676e+00,-3.598393749120266438e+00
3.262222009711673260e+09,3.550146284419620990e+00,-3.547856754684137748e+00
3.353710152002928734e+09,3.500363197771089840e+00,-3.497967000248594527e+00
3.447764054734457016e+09,3.451218168308056278e+00,-3.448713656410159700e+00
3.544455673970435619e+09,3.402700504439933660e+00,-3.400085964804035576e+00
3.643858983763540745e+09,3.354799581712991419e+00,-3.352073234241910171e+00
3.746050032748996735e+09,3.307504838907809219e+00,-3.304664836883072443e+00
3.851107002325568676e+09,3.260805774095972609e+00,-3.257850204384071358e+00
3.959110266468450546e+09,3.214691940679582860e+00,-3.211618824019804030e+00
4.070142453219439030e+09,3.169152943393920729e+00,-3.165960234722607236e+00
4.184288507901576042e+09,3.124178434287929740e+00,-3.120864023250691677e+00
4.301635758106799126e+09,3.079758108679666151e+00,-3.076319820196632193e+00
4.422273980505896568e+09,3.035881701092492335e+00,-3.032317296086556535e+00
4.546295469532390594e+09,2.992538981175981050e+00,-2.988846157431756634e+00
4.673795107992463112e+09,2.949719749613900710e+00,-2.945896142825706665e+00
4.804870439655123711e+09,2.907413834029250577e+00,-2.903457018946620227e+00
4.939621743878325462e+09,2.865611084890085092e+00,-2.861518576798300018e+00
5.078152112327671051e+09,2.824301371422778484e+00,-2.820070627689939435e+00
5.220567527846964836e+09,2.783474577545966167e+00,-2.779102999487818693e+00
5.366976945540475845e+09,2.743120597831603558e+00,-2.738605532849707203e+00
5.517492376129117012e+09,2.703229333508278653e+00,-2.698568077423657119e+00
5.672228971644549370e+09,2.663790688515936367e+00,-2.658980488311849744e+00
5.831305113526218414e+09,2.624794565629368304e+00,-2.619832622465653849e+00
5.994842503189420700e+09,2.586230862670599429e+00,-2.581114335236637469e+00
6.162966255132942200e+09,2.548089468823767856e+00,-2.542815477149595438e+00
6.335804992658241272e+09,2.510360261078223854e+00,-2.504925890730575588e+00
6.513490946272809029e+09,2.473033100819192587e+00,-2.467435407539966707e+00
6.696160054853215218e+09,2.436097830603254799e+00,-2.430333845485345812e+00
6.883952069645510674e+09,2.399544271130683804e+00,-2.393611006261289198e+00
7.077010661181889534e+09,2.363362218469938991e+00,-2.357256673185252449e+00
7.275483529196217537e+09,2.327541441549993095e+00,-2.321260609278787523e+00
7.479522515621829033e+09,2.292071679976243725e+00,-2.285612555708115501e+00
7.689283720758305550e+09,2.256942642206157146e+00,-2.250302230719664731e+00
7.904927622696436882e+09,2.222144004137623696e+00,-2.215319328891957706e+00
8.126619200091945648e+09,2.187665408164086500e+00,-2.180653520982528182e+00
8.354528058382854462e+09,2.153496462750677409e+00,-2.146294454386571182e+00
8.588828559546258926e+09,2.119626742605234426e+00,-2.112231754103119474e+00
8.829699955494083405e+09,2.086045789504401782e+00,-2.078455024562481324e+00
9.077326525210241318e+09,2.052743113858943591e+00,-2.044953852074144152e+00
9.331897715733238220e+09,2.019708197097934477e+00,-2.011717808309838151e+00
9.593608287093126297e+09,1.986930494962425575e+00,-1.978736454599859140e+00
9.862658461312829971e+09,1.954399441807464388e+00,-1.945999347348203345e+00
1.013925407558814240e+10,1.922104456014798846e+00,-1.913496044622657655e+00
1.042360673976403236e+10,1.890034946630514412e+00,-1.881216113958496416e+00
1.071593399822671127e+10,1.858180321347073782e+00,-1.849149141489962123e+00
1.101645949633654594e+10,1.826529995959010888e+00,-1.817284742778441098e+00
1.132541315152812576e+10,1.795073405426499180e+00,-1.785612575027166526e+00
1.164303132920875549e+10,1.763800016694145212e+00,-1.754122351209049580e+00
1.196955702359045219e+10,1.732699343415349258e+00,-1.722803856083393370e+00
1.230524004359261513e+10,1.701760962740675787e+00,-1.691646964245657525e+00
1.265033720395901299e+10,1.670974534337545947e+00,-1.660641660408602727e+00
1.300511252173409843e+10,1.640329821812788857e+00,-1.629778061992979143e+00
1.336983741824945259e+10,1.609816716716610863e+00,-1.599046444366533759e+00
1.374479092677539444e+10,1.579425265302670578e+00,-1.568437268644373273e+00
1.413025990599533653e+10,1.549145698233614921e+00,-1.537941212378592493e+00
1.452653925946778297e+10,1.518968463408734815e+00,-1.507549203368549362e+00
1.493393216124253273e+10,1.488884262092244004e+00,-1.477252456415283799e+00
1.535275028780421066e+10,1.458884088517129252e+00,-1.447042513593850277e+00
1.578331405652119637e+10,1.428959273126757523e+00,-1.416911287864878410e+00
1.622595287078087044e+10,1.399101529599336535e+00,-1.386851110233649154e+00
1.668100537200055695e+10,1.369303005790296179e+00,-1.356854780621148615e+00
1.714881969870540810e+10,1.339556338694953608e+00,-1.326915622432825792e+00
1.762975375287203979e+10,1.309854713505265611e+00,-1.297027540893086028e+00
1.812417547374239349e+10,1.280191926798721180e+00,-1.267185085122872090e+00
1.863246311931559753e+10,1.250562453850080802e+00,-1.237383513973580262e+00
1.915500555573524094e+10,1.220961519999577805e+00,-1.207618865508004458e+00
1.969220255479173660e+10,1.191385175951549691e+00,-1.177888029754279531e+00
2.024446509976801682e+10,1.161830376798763220e+00,-1.148188824967816490e+00
2.081221569986341476e+10,1.132295064487591763e+00,-1.118520076500089111e+00
2.139588871343421555e+10,1.102778253335352288e+00,-1.088881698307158086e+00
2.199593068030070114e+10,1.073280118110452319e+00,-1.059274776411212482e+00
2.261280066337279510e+10,1.043802084062058544e+00,-1.029701653596934330e+00
2.324697059985645676e+10,1.014346918153915311e+00,-1.000166014809218185e+00
2.389892566231052780e+10,9.849188206165024884e-01,-9.706729721387411525e-01
2.456916462982789993e+10,9.555235157785471056e-01,-9.412291484852902679e-01
2.525820026962779617e+10,9.261683409758052488e-01,-9.118427586846963306e-01
2.596655972934872437e+10,8.968623321706338247e-01,-8.825236867226357029e-01
2.669478494034318161e+10,8.676163047406219020e-01,-8.532835576290640489e-01
2.744343303228367996e+10,8.384429277263286684e-01,-8.241358022482594414e-01
2.821307675939470673e+10,8.093567896568000242e-01,-7.950957132366126556e-01
2.900430493863985825e+10,7.803744539166540539e-01,-7.661804901879588625e-01
2.981772290019673538e+10,7.515145014696299475e-01,-7.374092718891508413e-01
3.065395295056523514e+10,7.227975586366074401e-01,-7.088031535148696660e-01
3.151363484866482544e+10,6.942463075296428920e-01,-6.803851864450837228e-01
3.239742629528195572e+10,6.658854766894822808e-01,-6.521803584690886169e-01
3.330600343624581909e+10,6.377418094676446936e-01,-6.242155520614482977e-01
3.424006137971425629e+10,6.098440077375136825e-01,-5.965194784030636299e-01
3.520031472796675110e+10,5.822226486379322719e-01,-5.691225852720603884e-01
3.618749812411283875e+10,5.549100722326809620e-01,-5.420569366061230854e-01
3.720236681413066101e+10,5.279402382463058707e-01,-5.153560623689996678e-01
3.824569722466991425e+10,5.013485503907063601e-01,-4.890547772516815606e-01
3.931828755705770111e+10,4.751716472556205551e-01,-4.631889675863418709e-01
4.042095839796302032e+10,4.494471592877803401e-01,-4.377953460521215034e-01
4.155455334718879700e+10,4.242134320329700170e-01,-4.129111746457729271e-01
4.271993966306776428e+10,3.995092165623417291e-01,-3.885739570398820675e-01
4.391800892596076965e+10,3.753733288312373628e-01,-3.648211021584994440e-01
4.514967772036101532e+10,3.518442806244513887e-01,-3.416895618470667251e-01
4.641588833612772369e+10,3.289598856946310823e-01,-3.192154463958795096e-01
4.771760948938750458e+10,3.067568456867754145e-01,-2.974336223152217462e-01
4.905583706365045166e+10,2.852703214309548208e-01,-2.763772982354676389e-01
5.043159487171348572e+10,2.645334961308794530e-01,-2.560776053072910674e-01
5.184593543892913055e+10,2.445771378630066384e-01,-2.365631792798979505e-01
5.329994080844082642e+10,2.254291695595802558e-01,-2.178597523124162771e-01
5.479472336900292969e+10,2.071142552610314158e-01,-1.999897631703237699e-01
5.633142670601351929e+10,1.896534118292538817e-01,-1.829719942814890810e-01
5.791122647641746521e+10,1.730636554816160633e-01,-1.668212450887776033e-01
5.953533130814369965e+10,1.573576923963941887e-01,-1.515480500039982914e-01
6.120498372476690674e+10,1.425436622325643443e-01,-1.371584495379949420e-01
6.292146109610350800e+10,1.286249426747347602e-01,-1.236538220658052883e-01
6.468607661546321106e+10,1.156000220600227057e-01,-1.110307825733622966e-01
6.650018030431131744e+10,1.034624457760238425e-01,-9.928115361315502374e-02
6.836516004510238647e+10,9.220084045977572362e-02,-8.839201171277348557e-02
7.028244264308338928e+10,8.179901812244912140e-02,-7.834581080015512455e-02
7.225349491787220764e+10,7.223616022872363096e-02,-6.912058234387620514e-02
7.427982482564910889e+10,6.348707954368841555e-02,-6.069020920027971833e-02
7.636298261282257080e+10,5.552255530798411165e-02,-5.302476868080888833e-02
7.850456200204508972e+10,4.830973510345298177e-02,-4.609093791478770241e-02
8.070620141149490356e+10,4.181259471928727017e-02,-3.985245246870364882e-02
8.296958520834915161e+10,3.599244552004633724e-02,-3.427060812011630681e-02
8.529644499741017151e+10,3.080847732940721756e-02,-2.930479371282256051e-02
8.768856094587445068e+10,2.621832376121646657e-02,-2.491304243508002739e-02
9.014776314524917603e+10,2.217863629953290353e-02,-2.105258823468597607e-02
9.267593301146864319e+10,1.864565329554086770e-02,-1.768041418360642367e-02
9.527500472427299500e+10,1.557575041910533656e-02,-1.475377984548721308e-02
9.794696670695385742e+10,1.292595996621545909e-02,-1.223071593356581284e-02
1.006938631476029205e+11,1.065444774164330151e-02,-1.007047548104813943e-02
1.035177955630176239e+11,8.720937948348373575e-03,-8.233932994770194400e-03
1.064209244064722443e+11,7.087078538830048416e-03,-6.683924665694057111e-03
1.094054707205743561e+11,5.716741723864685217e-03,-5.385524803431339727e-03
1.124737178364750824e+11,4.576256683499360309e-03,-4.306256519041968753e-03
1.156280131207377777e+11,3.634573872451337187e-03,-3.416236248824453675e-03
1.188707697711903229e+11,2.863362553770436129e-03,-2.688254180032777045e-03
1.222044686631486206e+11,2.237045228594975420e-03,-2.097794583293963958e-03
1.256316602474121399e+11,1.732774379431462454e-03,-1.623001502362718266e-03
1.291549665014882660e+11,1.330358340089418884e-03,-1.244596699645521363e-03
1.327770829355431824e+11,1.012144112447809722e-03,-9.457573767760120605e-04
1.365007806546013794e+11,7.628655473555015758e-04,-7.119621651989914337e-04
1.403289084785870361e+11,5.694655028264143052e-04,-5.308134116691882011e-04
1.442643951218158875e+11,4.209004149088303682e-04,-3.918440551367666507e-04
1.483102514336102905e+11,3.079352110714781788e-04,-2.863165516623559885e-04
1.524695727017575989e+11,2.229357232758778350e-04,-2.070206130882126100e-04
1.567455410205595093e+11,1.596647872552914283e-04,-1.480755569181382413e-04
1.611414277253016663e+11,1.130871182961094363e-04,-1.047420345452127269e-04
1.656605958949915161e+11,7.918690407349249856e-05,-7.324669295310109226e-05
1.703065029252842712e+11,5.480091686163661132e-05,-5.062235362916036902e-05
1.750827031735726929e+11,3.746887712833890183e-05,-3.456510699488208932e-05
1.799928506782476501e+11,2.530184134158122605e-05,-2.330906408537148684e-05
1.850407019542298279e+11,1.686857139513480894e-05,-1.551848167534302660e-05
1.902301188668945923e+11,1.109918629448799094e-05,-1.019653004325426949e-05
1.955650715865946960e+11,7.204905014424128051e-06,-6.609550338794437552e-06
2.010496416260501099e+11,4.612356148845677529e-06,-4.225136565189454987e-06
2.066880249629082031e+11,2.910740374067805050e-06,-2.662491770414153294e-06
2.124845352498878479e+11,1.810064561175309693e-06,-1.653248267985933193e-06
2.184436071149428406e+11,1.108699060312808050e-06,-1.011136496666345978e-06
2.245697995539771729e+11,6.686154304156814255e-07,-6.088481611161826408e-07
2.308677994187171936e+11,3.968178269702152325e-07,-3.607933714139137563e-07
2.373424250023866272e+11,2.316656715534301013e-07,-2.103074704400943802e-07
2.439986297259545288e+11,1.329799718392510349e-07,-1.205245537517073254e-07
2.508415059277541199e+11,7.501662635460752026e-08,-6.787983873085097436e-08
2.578762887593798218e+11,4.156831990163337710e-08,-3.755740212060782940e-08
2.651083601908541565e+11,2.261425619847823134e-08,-2.039681957882808326e-08
2.725432531281027832e+11,1.207235284903098238e-08,-1.087309736715964633e-08
2.801866556459189453e+11,6.320623458500971448e-09,-5.684017344618426179e-09
2.880444153396297607e+11,3.243765159127264282e-09,-2.912061659860336265e-09
2.961225437988031616e+11,1.630853403678867842e-09,-1.461628915089149673e-09
3.044272212064306030e+11,8.027975827672154169e-10,-7.193214338103793826e-10
3.129648010670750732e+11,3.866950936601978150e-10,-3.395322008769136509e-10
3.217418150676364746e+11,1.821481602284297357e-10,-1.581409675095481997e-10
3.307649780744242554e+11,8.385178189721769831e-11,-7.177511876056236426e-11
3.400411932703702393e+11,3.770243046698694429e-11,-3.500121619996578792e-11
3.495775574363278809e+11,1.654352406288228679e-11,-2.023905072206045203e-11
3.593813663804625854e+11,7.082937748862747041e-12,-3.510378362000522756e-12
3.694601205199295044e+11,2.953023254195712634e-12,-4.033993114060228677e-12
3.798215306190736084e+11,1.201896813855465424e-12,3.131835593688961293e-12
3.904735236885556030e+11,4.764402233900605206e-13,-3.054107457657858317e-12
4.014242490499326172e+11,1.821443259764110248e-13,-5.247034008024332907e-12
4.126820845702951660e+11,6.644140023114662588e-14,7.022373760666009968e-12
4.242556430717768555e+11,2.388200647511199376e-14,3.857223124455087283e-12
4.361537789208005981e+11,9.740600108803375841e-15,-2.787486876387035761e-12
4.483855948021181641e+11,2.506612810186320078e-15,-6.075623027045114445e-13
4.609604486828438721e+11,-1.498222120987408793e-16,3.116774379632937190e-12
4.738879609717651367e+11,4.206225409344599326e-16,-2.323842509764574458e-12
4.871780218794620972e+11,7.510293798332669618e-16,5.070465665426801107e-12
5.008407989848212280e+11,-6.727683761999994132e-16,6.218308989314363934e-12
5.148867450137487183e+11,-6.814758680528662003e-16,-5.556017051124008702e-12
5.293266058360567017e+11,-2.166548924745711050e-16,2.380851748855167591e-12
5.441714286865887451e+11,7.885180318088654528e-16,6.465312119382527460e-13
5.594325706169366455e+11,5.041100285988574402e-18,-5.761524612026869358e-12
5.751217071841613770e+11,5.049720727547637346e-16,7.157794368980865216e-12
5.912508413831868896e+11,-3.193259674132224314e-16,-7.244608695830448520e-12
6.078323128297236328e+11,-7.637089140547598815e-17,6.720044474934889686e-12
6.248788072006888428e+11,-1.248238809185231042e-16,-6.984775899050022352e-12
6.424033659394204102e+11,5.557896060475146668e-16,-5.876739539427051729e-12
6.604193962330305176e+11,-6.551184234669136861e-16,-2.784527858906979479e-12
6.789406812696098633e+11,3.524972364225408537e-16,-5.691598230973649066e-12
6.979813907830667725e+11,-6.012229983368541063e-16,4.372472080453306766e-12
7.175560918936921387e+11,-3.327461990355774368e-16,-4.185905552158845916e-13
7.376797602527745361e+11,-1.939719410619607248e-16,6.101255333002447686e-12
7.583677914997191162e+11,-1.360310990483767648e-16,3.575850361731909651e-12
7.796360130405220947e+11,-1.537720000550154719e-16,-1.954372849603920145e-12
8.015006961565413818e+11,3.115796748068860968e-16,-6.224977669699307756e-12
8.239785684528510742e+11,-2.324405840600618744e-18,-1.536103756943473647e-12
8.470868266557419434e+11,-1.977477827869318604e-17,-7.159803201773934540e-12
8.708431497690723877e+11,-2.880930427380743340e-16,6.524924801108570628e-12
8.952657125996381836e+11,-3.662551111408926996e-16,-3.775913941597448115e-12
9.203731996618229980e+11,2.541380897029304868e-16,5.265712799335572208e-12
9.461848194721992188e+11,4.860948895967597296e-16,-2.623005457313195427e-12
9.727203192450556641e+11,2.696432679400497687e-16,-6.637360427171491023e-12
1.000000000000000000e+12,-2.340537164900512716e-17,-3.010429491139606645e-12
